6.933045,
6.932912,
6.9328254,
6.9326691,
6.9323263,
6.9317813,
6.9310494,
6.9316707,
6.9308427,
6.9299347,
6.9294651,
6.9292709,
6.9290742,
6.9288174,
6.9287098,
6.9284091,
6.9286556,
6.9283787,
6.9282352,
6.9282035,
6.9283099,
6.9283982,
6.9284546,
6.9285234,
6.9289472,


79.852716,
79.8534974,
79.8538112,
79.8530261,
79.854732,
79.8559648,
79.8570646,
79.8572015,
79.8574259,
79.8579493,
79.8582918,
79.8586981,
79.8590767,
79.8596036,
79.8596878,
79.8602367,
79.8597085,
79.8611286,
79.8616011,
79.862358,
79.8628232,
79.8627866,
79.863342,
79.863442,
79.8647078,